{
  "gesture_labels": {
    "call": "Call",
    "fist": "Fist",
    "four": "Four",
    "ok": "OK",
    "one": "One",
    "palm": "Palm",
    "peace": "Peace",
    "rock": "Rock",
    "stop": "Stop",
    "three": "Three"
  },
  "landmark_config": {
    "wrist": 0,
    "scale_ref_from": 0,
    "scale_ref_to": 9,
    "connections": [
      [
        0,
        1
      ],
      [
        1,
        2
      ],
      [
        2,
        3
      ],
      [
        3,
        4
      ],
      [
        0,
        5
      ],
      [
        5,
        6
      ],
      [
        6,
        7
      ],
      [
        7,
        8
      ],
      [
        0,
        9
      ],
      [
        9,
        10
      ],
      [
        10,
        11
      ],
      [
        11,
        12
      ],
      [
        0,
        13
      ],
      [
        13,
        14
      ],
      [
        14,
        15
      ],
      [
        15,
        16
      ],
      [
        0,
        17
      ],
      [
        17,
        18
      ],
      [
        18,
        19
      ],
      [
        19,
        20
      ],
      [
        5,
        9
      ],
      [
        9,
        13
      ],
      [
        13,
        17
      ]
    ],
    "joint_triplets": [
      {
        "name": "thumb_cmc",
        "points": [
          0,
          1,
          2
        ]
      },
      {
        "name": "thumb_mcp",
        "points": [
          1,
          2,
          3
        ]
      },
      {
        "name": "thumb_ip",
        "points": [
          2,
          3,
          4
        ]
      },
      {
        "name": "index_mcp",
        "points": [
          0,
          5,
          6
        ]
      },
      {
        "name": "index_pip",
        "points": [
          5,
          6,
          7
        ]
      },
      {
        "name": "index_dip",
        "points": [
          6,
          7,
          8
        ]
      },
      {
        "name": "middle_mcp",
        "points": [
          0,
          9,
          10
        ]
      },
      {
        "name": "middle_pip",
        "points": [
          9,
          10,
          11
        ]
      },
      {
        "name": "middle_dip",
        "points": [
          10,
          11,
          12
        ]
      },
      {
        "name": "ring_mcp",
        "points": [
          0,
          13,
          14
        ]
      },
      {
        "name": "ring_pip",
        "points": [
          13,
          14,
          15
        ]
      },
      {
        "name": "ring_dip",
        "points": [
          14,
          15,
          16
        ]
      },
      {
        "name": "pinky_mcp",
        "points": [
          0,
          17,
          18
        ]
      },
      {
        "name": "pinky_pip",
        "points": [
          17,
          18,
          19
        ]
      },
      {
        "name": "pinky_dip",
        "points": [
          18,
          19,
          20
        ]
      }
    ],
    "tip_pairs": [
      {
        "name": "dist_thumb_index_tip",
        "points": [
          4,
          8
        ]
      },
      {
        "name": "dist_thumb_middle_tip",
        "points": [
          4,
          12
        ]
      },
      {
        "name": "dist_thumb_ring_tip",
        "points": [
          4,
          16
        ]
      },
      {
        "name": "dist_thumb_pinky_tip",
        "points": [
          4,
          20
        ]
      },
      {
        "name": "dist_index_middle_tip",
        "points": [
          8,
          12
        ]
      },
      {
        "name": "dist_middle_ring_tip",
        "points": [
          12,
          16
        ]
      },
      {
        "name": "dist_ring_pinky_tip",
        "points": [
          16,
          20
        ]
      }
    ],
    "spread_triplets": [
      {
        "name": "spread_thumb_index",
        "points": [
          4,
          0,
          8
        ]
      },
      {
        "name": "spread_index_middle",
        "points": [
          8,
          0,
          12
        ]
      },
      {
        "name": "spread_middle_ring",
        "points": [
          12,
          0,
          16
        ]
      },
      {
        "name": "spread_ring_pinky",
        "points": [
          16,
          0,
          20
        ]
      }
    ]
  },
  "camera_classifier": {
    "num_hands": 1,
    "min_hand_detection_confidence": 0.55,
    "min_hand_presence_confidence": 0.55,
    "min_tracking_confidence": 0.55,
    "vision_module_url": "https://cdn.jsdelivr.net/npm/@mediapipe/tasks-vision@0.10.14/+esm",
    "model_asset_url": "https://storage.googleapis.com/mediapipe-models/hand_landmarker/hand_landmarker/float16/1/hand_landmarker.task",
    "vision_wasm_url": "https://cdn.jsdelivr.net/npm/@mediapipe/tasks-vision@0.10.14/wasm"
  },
  "stage2": {
    "tau0": 5.0,
    "gamma": 0.6,
    "adaptive_window": 10,
    "n_transition": 30,
    "lambda_max": 0.8,
    "descriptors": {
      "fist": {
        "gesture": "fist",
        "label": "Fist",
        "n_samples": 25747,
        "mu": [
          2.6885528984859826,
          2.3284596090491867,
          2.241165975459632,
          2.6192321232323015,
          0.3419558233465132,
          2.7938761439046194,
          2.7501417211243866,
          0.34501561200580727,
          2.4667667647376246,
          2.7345836343686565,
          0.41405441384616615,
          2.518998235052147,
          2.4073969533436337,
          0.6580276120183853,
          2.647429553175017,
          0.4343934529813213,
          0.5099570785406411,
          0.7077740831760074,
          0.906809241420156,
          0.29621886039421663,
          0.2831316982917026,
          0.26798716380739823,
          0.22664912346100327,
          0.2307491903125485,
          0.33902219225665486,
          0.39812247017192937
        ],
        "sigma": [
          [
            0.030653581201827474,
            -0.0015395637645822895,
            -0.027475277555918717,
            0.00038871832894712337,
            0.004537246488195395,
            -0.006119252222213641,
            -0.004054384716293219,
            0.008694747204667558,
            -0.013890850259425123,
            -0.009615096712870698,
            0.010383949774323092,
            -0.011817525631832167,
            -0.01439192413389508,
            0.012978187722445371,
            -0.006894931102406675,
            -0.007695982755436449,
            -0.0011735117245115399,
            0.004934484169102824,
            0.01025738959662851,
            0.0027603908033940277,
            0.0024290453936097927,
            0.00207886146426371,
            -0.006986080405118139,
            0.0010948172129478712,
            0.0038433088148852775,
            0.003405058004480881
          ],
          [
            -0.0015395637645822895,
            0.10463525038076882,
            -0.002578141274334138,
            0.02228485112610867,
            -0.005201230732741073,
            0.001818675918539771,
            0.015935514665974405,
            -0.0027495098847593424,
            -0.010649972703422201,
            0.008377229546326713,
            -0.0024838705522816067,
            -0.002115142952558435,
            0.002877100293329141,
            -0.0028940226156967644,
            0.0016837205555746962,
            0.0027867614043316363,
            0.04146194337816367,
            0.053133024313982105,
            0.051421997483078505,
            -0.006946496406955863,
            -0.005829230258566726,
            -0.00566617864015866,
            -0.03936452250183745,
            -0.007512013265217854,
            -0.005951408944789593,
            -0.008145174582511272
          ],
          [
            -0.027475277555918717,
            -0.002578141274334138,
            0.13232669212867323,
            -0.00422121603014472,
            0.009331972371699577,
            0.011533887803092873,
            -0.0015008922475827145,
            -0.003629135023395492,
            0.038248847899574646,
            0.009431453705556864,
            -0.008541739179095346,
            0.028816770088157653,
            0.031305822739079524,
            -0.01781413937899763,
            0.015132523494950856,
            0.024167358941515473,
            0.006756309527530791,
            -0.00875468069941338,
            -0.022502777912308976,
            -0.0069752455088422675,
            -0.007078801695554122,
            -0.007235350744853937,
            0.015287032170481432,
            -0.003133031123118914,
            -0.011318048917313202,
            -0.013368970432175175
          ],
          [
            0.00038871832894712337,
            0.02228485112610867,
            -0.00422121603014472,
            0.14542780434689062,
            -0.07437764080973146,
            0.01966915995748054,
            0.1184598198987191,
            -0.05456650023911822,
            0.026487968406175212,
            0.06285676141407727,
            -0.036102701906384524,
            0.02146372383686626,
            -0.02723298758322711,
            0.014292610407225414,
            -0.0004924464626869101,
            -0.001855795898356207,
            -0.0002469038129543395,
            0.0015531188130539207,
            -0.003169003757052035,
            0.0008515387322324916,
            -0.0012767106888394199,
            -0.0036321222758349567,
            -0.006394379618520051,
            -0.0017816102611259922,
            -0.007126150147990548,
            -0.009871847662052919
          ],
          [
            0.004537246488195395,
            -0.005201230732741073,
            0.009331972371699577,
            -0.07437764080973146,
            0.17032205441087392,
            -0.06675941762943353,
            -0.10833173485760451,
            0.1269815670903576,
            -0.06368692547125626,
            -0.1184845161199406,
            0.1202869551080986,
            -0.07181520456836558,
            -0.06922691672990995,
            0.09251110428295246,
            -0.0686365443842181,
            -0.0034851805793138495,
            -0.0005502100030331402,
            0.00039521444318990704,
            0.002217181192362531,
            0.008580215377829927,
            0.0016347025637007831,
            0.0008544383446357373,
            0.0015876008378411187,
            0.0005780618242916255,
            0.0041853032557336465,
            0.0017405147282862138
          ],
          [
            -0.006119252222213641,
            0.001818675918539771,
            0.011533887803092873,
            0.01966915995748054,
            -0.06675941762943353,
            0.10846883064333139,
            0.04553347219276587,
            -0.0627541874026363,
            0.1185767746098231,
            0.07017187990352364,
            -0.06743461439783033,
            0.11306717331087206,
            0.061510511311290345,
            -0.06437706452205344,
            0.08432030164295969,
            0.0043352880245265055,
            0.0012989354483833918,
            -0.001894663425579353,
            -0.0061029504340603105,
            -0.0037025576798396533,
            -0.0026190887519358785,
            -0.00201776578872275,
            0.0005556524682457124,
            -0.0018938149657621367,
            -0.003865914863169272,
            -0.0026207061716284675
          ],
          [
            -0.004054384716293219,
            0.015935514665974405,
            -0.0015008922475827145,
            0.1184598198987191,
            -0.10833173485760451,
            0.04553347219276587,
            0.16980019048578343,
            -0.1189045612523255,
            0.074837231620389,
            0.1396061923012094,
            -0.1114743401752021,
            0.07948438829035737,
            0.04956185931220802,
            -0.06270742965070104,
            0.056443752983884855,
            0.003900259175992077,
            0.005525171659337498,
            0.007311427384976294,
            0.0043769073649104545,
            0.000835560559484515,
            0.0006108255380963973,
            -0.0007816400958962645,
            -0.0049645518832845065,
            -0.0017469058802459434,
            -0.006297183818031376,
            -0.0074215264140738944
          ],
          [
            0.008694747204667558,
            -0.0027495098847593424,
            -0.003629135023395492,
            -0.05456650023911822,
            0.1269815670903576,
            -0.0627541874026363,
            -0.1189045612523255,
            0.1670181725048506,
            -0.09748545538708332,
            -0.15553845379251124,
            0.16479468573225825,
            -0.10937532958344406,
            -0.1293841482580221,
            0.14941860784879468,
            -0.1036881089774822,
            -0.006643527789873165,
            -0.0028555593472201525,
            -0.00030213056858283024,
            0.0027629590003865477,
            0.002548343740387589,
            0.0012415569020265025,
            0.00032777473246560366,
            -0.00039914136347669123,
            0.0035687019183654896,
            0.005691550225423582,
            0.0022784029208812078
          ],
          [
            -0.013890850259425123,
            -0.010649972703422201,
            0.038248847899574646,
            0.026487968406175212,
            -0.06368692547125626,
            0.1185767746098231,
            0.074837231620389,
            -0.09748545538708332,
            0.42043117752351383,
            0.11724092562103194,
            -0.10934048370094834,
            0.3320558951359461,
            0.10439810496868938,
            -0.10474819012476304,
            0.17056479041311126,
            0.01626379432738935,
            0.010291038246492449,
            0.0003224739689582627,
            -0.014615838581725727,
            0.002789400489503862,
            -0.0035343430190230727,
            -0.004684374650406699,
            0.013438438702283223,
            -0.002765496953775203,
            -0.005080485404773356,
            -0.005900001660189978
          ],
          [
            -0.009615096712870698,
            0.008377229546326713,
            0.009431453705556864,
            0.06285676141407727,
            -0.1184845161199406,
            0.07017187990352364,
            0.1396061923012094,
            -0.15553845379251124,
            0.11724092562103194,
            0.2075127190447368,
            -0.1838977414436857,
            0.13780279952122806,
            0.1586209937221882,
            -0.16401414970670147,
            0.12649207413441388,
            0.008187510352539989,
            0.0063412484317623315,
            0.004259858673928368,
            0.0014376812728659786,
            -0.0018916382953272895,
            -0.0003292024514422157,
            0.0002018977600309417,
            -0.0014797972452896165,
            -0.003590756332009283,
            -0.007532502268951804,
            -0.006060035427290946
          ],
          [
            0.010383949774323092,
            -0.0024838705522816067,
            -0.008541739179095346,
            -0.036102701906384524,
            0.1202869551080986,
            -0.06743461439783033,
            -0.1114743401752021,
            0.16479468573225825,
            -0.10934048370094834,
            -0.1838977414436857,
            0.20611729915954657,
            -0.13424536939729984,
            -0.17938076991804444,
            0.19827523541482567,
            -0.13474331357618613,
            -0.00823102359522622,
            -0.004488082894182688,
            -0.00044510375173372076,
            0.003002528800951543,
            0.00347118240951324,
            0.0013252018343279219,
            0.0003113436109727651,
            -0.0003049469901972405,
            0.003906288395856348,
            0.0061114288152315024,
            0.003783247399146964
          ],
          [
            -0.011817525631832167,
            -0.002115142952558435,
            0.028816770088157653,
            0.02146372383686626,
            -0.07181520456836558,
            0.11306717331087206,
            0.07948438829035737,
            -0.10937532958344406,
            0.3320558951359461,
            0.13780279952122806,
            -0.13424536939729984,
            0.3432492662919578,
            0.13513719967195054,
            -0.13757939407252734,
            0.19296081494883896,
            0.013443225181587455,
            0.012215084651859016,
            0.0052212164735621095,
            -0.007043382588703451,
            0.0008223090270066086,
            -0.00301033583729944,
            -0.0036229381762406046,
            0.005813590739827658,
            -0.0033429502557057985,
            -0.0046095814298998455,
            -0.0067102358036926855
          ],
          [
            -0.01439192413389508,
            0.002877100293329141,
            0.031305822739079524,
            -0.02723298758322711,
            -0.06922691672990995,
            0.061510511311290345,
            0.04956185931220802,
            -0.1293841482580221,
            0.10439810496868938,
            0.1586209937221882,
            -0.17938076991804444,
            0.13513719967195054,
            0.2868219529334905,
            -0.25951436654637383,
            0.15727555637401597,
            0.006645559828120323,
            -0.0011784286187063208,
            -0.013464284330158874,
            -0.022005427664970035,
            -0.010339659527139727,
            -0.007599861270446298,
            -0.003661523807328967,
            0.0016025555474865618,
            -0.0068005122417004,
            -0.012781681480892145,
            -0.012813258523392693
          ],
          [
            0.012978187722445371,
            -0.0028940226156967644,
            -0.01781413937899763,
            0.014292610407225414,
            0.09251110428295246,
            -0.06437706452205344,
            -0.06270742965070104,
            0.14941860784879468,
            -0.10474819012476304,
            -0.16401414970670147,
            0.19827523541482567,
            -0.13757939407252734,
            -0.25951436654637383,
            0.2806629599917616,
            -0.15978214204038665,
            -0.006601903731863192,
            -0.002979690834393603,
            0.005077855329450125,
            0.011022164020948778,
            0.00780170737962092,
            0.005118349370854485,
            0.0022660062671892908,
            0.0012770745953673826,
            0.005442488980603169,
            0.007779587892666328,
            0.0066747106560171065
          ],
          [
            -0.006894931102406675,
            0.0016837205555746962,
            0.015132523494950856,
            -0.0004924464626869101,
            -0.0686365443842181,
            0.08432030164295969,
            0.056443752983884855,
            -0.1036881089774822,
            0.17056479041311126,
            0.12649207413441388,
            -0.13474331357618613,
            0.19296081494883896,
            0.15727555637401597,
            -0.15978214204038665,
            0.19876370979014582,
            0.004044741720293403,
            0.003762356223720828,
            -0.002006285663343119,
            -0.00865292120868552,
            -0.003589641707664714,
            -0.004100454800351585,
            -0.002648928621999906,
            -0.0012693593398451844,
            -0.00374675655882465,
            -0.004922832818402277,
            -0.006532053518511607
          ],
          [
            -0.007695982755436449,
            0.0027867614043316363,
            0.024167358941515473,
            -0.001855795898356207,
            -0.0034851805793138495,
            0.0043352880245265055,
            0.003900259175992077,
            -0.006643527789873165,
            0.01626379432738935,
            0.008187510352539989,
            -0.00823102359522622,
            0.013443225181587455,
            0.006645559828120323,
            -0.006601903731863192,
            0.004044741720293403,
            0.029627797090059527,
            0.020013390615457143,
            0.016914192527765038,
            0.015297650124317564,
            0.002214455941542537,
            0.0020076681788821476,
            0.0019740330719167677,
            0.00788293022161894,
            0.0009465572677322342,
            0.0018489107333457054,
            0.0029252908114684997
          ],
          [
            -0.0011735117245115399,
            0.04146194337816367,
            0.006756309527530791,
            -0.0002469038129543395,
            -0.0005502100030331402,
            0.0012989354483833918,
            0.005525171659337498,
            -0.0028555593472201525,
            0.010291038246492449,
            0.0063412484317623315,
            -0.004488082894182688,
            0.012215084651859016,
            -0.0011784286187063208,
            -0.002979690834393603,
            0.003762356223720828,
            0.020013390615457143,
            0.05615738958544879,
            0.06060902141333251,
            0.06527464742684133,
            0.00528391816055777,
            0.00420883879878038,
            0.00458623002345131,
            -0.018244708934265462,
            -0.0007264277268668841,
            0.007983114976120819,
            0.0073138797413945305
          ],
          [
            0.004934484169102824,
            0.053133024313982105,
            -0.00875468069941338,
            0.0015531188130539207,
            0.00039521444318990704,
            -0.001894663425579353,
            0.007311427384976294,
            -0.00030213056858283024,
            0.0003224739689582627,
            0.004259858673928368,
            -0.00044510375173372076,
            0.0052212164735621095,
            -0.013464284330158874,
            0.005077855329450125,
            -0.002006285663343119,
            0.016914192527765038,
            0.06060902141333251,
            0.09027078181875207,
            0.09572142458715653,
            0.009565133227049563,
            0.008929619215467968,
            0.008769429233740184,
            -0.03045529826708308,
            -0.0001204365257272134,
            0.014097622876854655,
            0.014192852620580548
          ],
          [
            0.01025738959662851,
            0.051421997483078505,
            -0.022502777912308976,
            -0.003169003757052035,
            0.002217181192362531,
            -0.0061029504340603105,
            0.0043769073649104545,
            0.0027629590003865477,
            -0.014615838581725727,
            0.0014376812728659786,
            0.003002528800951543,
            -0.007043382588703451,
            -0.022005427664970035,
            0.011022164020948778,
            -0.00865292120868552,
            0.015297650124317564,
            0.06527464742684133,
            0.09572142458715653,
            0.12274931286500951,
            0.014037620180159867,
            0.013847225800308494,
            0.01397673707043746,
            -0.035344090963466884,
            0.0016092178995986614,
            0.02032940784624144,
            0.021950852025011056
          ],
          [
            0.0027603908033940277,
            -0.006946496406955863,
            -0.0069752455088422675,
            0.0008515387322324916,
            0.008580215377829927,
            -0.0037025576798396533,
            0.000835560559484515,
            0.002548343740387589,
            0.002789400489503862,
            -0.0018916382953272895,
            0.00347118240951324,
            0.0008223090270066086,
            -0.010339659527139727,
            0.00780170737962092,
            -0.003589641707664714,
            0.002214455941542537,
            0.00528391816055777,
            0.009565133227049563,
            0.014037620180159867,
            0.015056980235360869,
            0.004803758250651607,
            0.0044488710635773535,
            0.0015793954124884,
            0.0020028845872882605,
            0.006103865722438568,
            0.0062897624193605384
          ],
          [
            0.0024290453936097927,
            -0.005829230258566726,
            -0.007078801695554122,
            -0.0012767106888394199,
            0.0016347025637007831,
            -0.0026190887519358785,
            0.0006108255380963973,
            0.0012415569020265025,
            -0.0035343430190230727,
            -0.0003292024514422157,
            0.0013252018343279219,
            -0.00301033583729944,
            -0.007599861270446298,
            0.005118349370854485,
            -0.004100454800351585,
            0.0020076681788821476,
            0.00420883879878038,
            0.008929619215467968,
            0.013847225800308494,
            0.004803758250651607,
            0.011813903779736252,
            0.004468592966622912,
            0.0009862554645889172,
            0.0015628895062712643,
            0.00552096280197411,
            0.006605300135745239
          ],
          [
            0.00207886146426371,
            -0.00566617864015866,
            -0.007235350744853937,
            -0.0036321222758349567,
            0.0008544383446357373,
            -0.00201776578872275,
            -0.0007816400958962645,
            0.00032777473246560366,
            -0.004684374650406699,
            0.0002018977600309417,
            0.0003113436109727651,
            -0.0036229381762406046,
            -0.003661523807328967,
            0.0022660062671892908,
            -0.002648928621999906,
            0.0019740330719167677,
            0.00458623002345131,
            0.008769429233740184,
            0.01397673707043746,
            0.0044488710635773535,
            0.004468592966622912,
            0.011710253825146618,
            0.0005713736744012255,
            0.0015840856285321617,
            0.005391690232449191,
            0.006720760677723
          ],
          [
            -0.006986080405118139,
            -0.03936452250183745,
            0.015287032170481432,
            -0.006394379618520051,
            0.0015876008378411187,
            0.0005556524682457124,
            -0.0049645518832845065,
            -0.00039914136347669123,
            0.013438438702283223,
            -0.0014797972452896165,
            -0.0003049469901972405,
            0.005813590739827658,
            0.0016025555474865618,
            0.0012770745953673826,
            -0.0012693593398451844,
            0.00788293022161894,
            -0.018244708934265462,
            -0.03045529826708308,
            -0.035344090963466884,
            0.0015793954124884,
            0.0009862554645889172,
            0.0005713736744012255,
            0.036884508362647006,
            0.0027062597976134604,
            -0.0013741663937116807,
            0.0005119907403435678
          ],
          [
            0.0010948172129478712,
            -0.007512013265217854,
            -0.003133031123118914,
            -0.0017816102611259922,
            0.0005780618242916255,
            -0.0018938149657621367,
            -0.0017469058802459434,
            0.0035687019183654896,
            -0.002765496953775203,
            -0.003590756332009283,
            0.003906288395856348,
            -0.0033429502557057985,
            -0.0068005122417004,
            0.005442488980603169,
            -0.00374675655882465,
            0.0009465572677322342,
            -0.0007264277268668841,
            -0.0001204365257272134,
            0.0016092178995986614,
            0.0020028845872882605,
            0.0015628895062712643,
            0.0015840856285321617,
            0.0027062597976134604,
            0.010776785988591189,
            0.0033170804124929803,
            0.000718623101014766
          ],
          [
            0.0038433088148852775,
            -0.005951408944789593,
            -0.011318048917313202,
            -0.007126150147990548,
            0.0041853032557336465,
            -0.003865914863169272,
            -0.006297183818031376,
            0.005691550225423582,
            -0.005080485404773356,
            -0.007532502268951804,
            0.0061114288152315024,
            -0.0046095814298998455,
            -0.012781681480892145,
            0.007779587892666328,
            -0.004922832818402277,
            0.0018489107333457054,
            0.007983114976120819,
            0.014097622876854655,
            0.02032940784624144,
            0.006103865722438568,
            0.00552096280197411,
            0.005391690232449191,
            -0.0013741663937116807,
            0.0033170804124929803,
            0.018233782967113643,
            0.007296073807804849
          ],
          [
            0.003405058004480881,
            -0.008145174582511272,
            -0.013368970432175175,
            -0.009871847662052919,
            0.0017405147282862138,
            -0.0026207061716284675,
            -0.0074215264140738944,
            0.0022784029208812078,
            -0.005900001660189978,
            -0.006060035427290946,
            0.003783247399146964,
            -0.0067102358036926855,
            -0.012813258523392693,
            0.0066747106560171065,
            -0.006532053518511607,
            0.0029252908114684997,
            0.0073138797413945305,
            0.014192852620580548,
            0.021950852025011056,
            0.0062897624193605384,
            0.006605300135745239,
            0.006720760677723,
            0.0005119907403435678,
            0.000718623101014766,
            0.007296073807804849,
            0.021908687771255368
          ]
        ],
        "sigma_inv": [
          [
            43.68073830025954,
            4.969558035471752,
            7.147939080571651,
            -1.7428065104966441,
            -0.2928306624270101,
            0.5278673123817114,
            0.4782100793240219,
            -0.9455467210222623,
            0.059845279591723956,
            1.0064914512381047,
            0.1651895719624031,
            0.2995203465109985,
            -1.3025459046508021,
            -1.8024239327427498,
            -1.5301932518081423,
            3.531954263553703,
            2.4231577740096446,
            -0.6039181609197749,
            -4.641209065354987,
            -0.8049021719977375,
            -0.3672484892829956,
            1.6386879038904214,
            5.918165768755073,
            -0.009372927035333128,
            0.4831474856808339,
            1.9718016504430151
          ],
          [
            4.969558035471751,
            28.83220641826645,
            2.6543773704001046,
            -4.39554991357542,
            -1.6363061091800564,
            -0.857082348272079,
            1.487749673140302,
            0.24599095558875442,
            0.683141561550811,
            -0.2126518275484661,
            -0.46192089764824923,
            0.38840539318087297,
            -0.9455217790364384,
            -0.392546824376624,
            -0.27670807503201145,
            1.594952884831888,
            -9.76626312796604,
            -9.6957247222411,
            -2.371225792558594,
            9.700198973080933,
            7.70128325386269,
            8.343966250009714,
            13.354186934150633,
            7.664165816441201,
            10.58881960317824,
            9.84792061088248
          ],
          [
            7.147939080571652,
            2.6543773704001055,
            12.552773405313495,
            -1.0215071309525965,
            -1.922781938077504,
            -0.8470684113226763,
            0.6046097666720511,
            0.364155672955997,
            -0.5056555960520817,
            -0.0020054425242149346,
            -0.23320086497629483,
            0.43042623473749464,
            -1.6020287428754438,
            -1.0246419334023453,
            -0.06625909023684885,
            -7.917744986787738,
            -2.5468467130858623,
            -1.2025289210774737,
            1.1073737702281417,
            2.9423236763150227,
            1.7731133248053612,
            2.5892720155581705,
            -0.5994919858310095,
            2.045822013643737,
            3.3966558148943773,
            4.903796741910647
          ],
          [
            -1.7428065104966433,
            -4.39554991357542,
            -1.0215071309525958,
            25.104129796286536,
            5.708330647887176,
            0.719892544179086,
            -20.201711118066225,
            -4.683133896317272,
            -0.3409673020276905,
            2.0210872487860536,
            -1.0579459385103736,
            -0.09665748428452255,
            3.6955659575723536,
            0.8567164929888471,
            1.3840915784355106,
            0.25565634963075884,
            1.511968011413333,
            0.20171670542025721,
            3.036136564341668,
            -7.801214077574082,
            -0.7597492165072562,
            0.6613347470589693,
            0.7439316518389352,
            2.5187515288713285,
            1.759124238624457,
            3.403171743791563
          ],
          [
            -0.29283066242701267,
            -1.6363061091800575,
            -1.9227819380775057,
            5.70833064788718,
            19.722501112375067,
            6.185096338074888,
            -1.152641832379782,
            -12.033517022670726,
            -0.8167911877616959,
            0.037135909681067725,
            -1.681781710069985,
            -0.867498077362963,
            -2.469510482957891,
            -1.038955336296427,
            -0.18634009710049423,
            0.9792370970271395,
            0.6658030943750121,
            0.08758276102541358,
            1.0964402395251371,
            -12.969184249636124,
            -1.3701088722879315,
            0.205616931848071,
            0.8969250299759451,
            3.796891781900373,
            1.2970780968593516,
            1.489248116226266
          ],
          [
            0.5278673123817087,
            -0.8570823482720819,
            -0.8470684113226756,
            0.7198925441790872,
            6.185096338074882,
            18.63726586894368,
            0.7536837002434984,
            -0.3421079629773753,
            -2.3715223405242747,
            -1.5439256567167645,
            -2.024887207024709,
            -1.1298179736685197,
            -0.506837506297627,
            -1.103055599511734,
            -3.8582332962110493,
            -0.7588608328678421,
            1.4919728093122298,
            0.882624455378083,
            -0.30360593716058415,
            -0.157897962971448,
            0.31560333005145913,
            -0.18374791492192352,
            1.4320966732499776,
            0.48693685223027067,
            0.13875658804520224,
            -1.4905244319996116
          ],
          [
            0.4782100793240201,
            1.4877496731403028,
            0.60460976667205,
            -20.201711118066214,
            -1.152641832379787,
            0.7536837002435041,
            40.09185621176744,
            14.238373788909787,
            -0.019173958614489884,
            -19.200245547266487,
            -4.947402976734737,
            -0.5711622672824332,
            1.7380970767368888,
            -2.805462712102989,
            1.0748215269055605,
            0.165467101391161,
            -0.9616673646170162,
            -1.2905449716395747,
            -0.5620122943461937,
            0.8841452267087424,
            -2.0752422201514045,
            -0.8687381365670214,
            0.9290852148816146,
            -2.513807757941821,
            0.6069850606074725,
            3.7771424499809023
          ],
          [
            -0.9455467210222575,
            0.24599095558875483,
            0.36415567295600004,
            -4.683133896317259,
            -12.033517022670724,
            -0.34210796297738266,
            14.23837378890976,
            46.995680577824835,
            2.2779472775363185,
            -2.7044589437595494,
            -23.551706609314575,
            -1.8294000497880478,
            -1.078356558939198,
            -3.796804060152591,
            -0.19146434668896856,
            0.4375246799830119,
            -1.1751467405097553,
            -0.22221964126712845,
            -0.5802269916013009,
            6.160665713150545,
            -2.511092861390256,
            -0.1678438561703355,
            0.05508542689599021,
            -4.938110710154553,
            -1.163294765161476,
            3.689596539251283
          ],
          [
            0.05984527959172404,
            0.683141561550811,
            -0.5056555960520822,
            -0.3409673020276859,
            -0.8167911877616919,
            -2.3715223405242676,
            -0.019173958614500695,
            2.277947277536321,
            11.28630573875741,
            0.4297860918348029,
            -1.7897357278548804,
            -11.194043580879413,
            -0.0023574564137636912,
            -0.5785804272997095,
            1.2322823163826666,
            0.13369889774756397,
            -1.297977456806616,
            -0.6025167564948658,
            1.070614169511366,
            -1.2996238675579108,
            0.8573597259478877,
            1.121996769084099,
            -1.4164057125838958,
            0.09402213399447844,
            0.1998237454831613,
            -0.6315930355448477
          ],
          [
            1.0064914512381045,
            -0.21265182754846496,
            -0.0020054425242138903,
            2.02108724878604,
            0.0371359096810662,
            -1.54392565671676,
            -19.200245547266487,
            -2.7044589437595543,
            0.4297860918347885,
            42.42172587746548,
            26.55572586088374,
            -1.2599573656048693,
            -10.6700743644599,
            -8.749149284161804,
            -2.194633733391553,
            -0.16363776475968814,
            1.9413999614088266,
            0.7787884487352486,
            -3.5038937480343666,
            -0.8687251010231348,
            -2.0239393468828,
            -1.9623791980678709,
            -1.1088635338277608,
            -0.2951728497712322,
            2.3993522796042583,
            -0.009471218690440663
          ],
          [
            0.16518957196240272,
            -0.46192089764824795,
            -0.2332008649762949,
            -1.0579459385103995,
            -1.6817817100699932,
            -2.024887207024704,
            -4.947402976734715,
            -23.55170660931457,
            -1.7897357278548847,
            26.555725860883726,
            59.74732840589123,
            1.9863145258599495,
            -5.4892192863946025,
            -18.880344179033084,
            1.76356286122713,
            1.6238247919005455,
            0.6321529777130999,
            -0.2691771625955051,
            -0.6896030000185862,
            0.4773207113118148,
            1.6436033404166106,
            -1.0490531961871514,
            0.5791314306949181,
            -0.3831447312065789,
            0.8202490829915485,
            -0.07705706450160019
          ],
          [
            0.29952034651100046,
            0.38840539318087364,
            0.4304262347374963,
            -0.09665748428453119,
            -0.8674980773629661,
            -1.1298179736685225,
            -0.5711622672824126,
            -1.8294000497880507,
            -11.194043580879411,
            -1.2599573656048964,
            1.9863145258599415,
            18.893343670627374,
            0.5536835961358048,
            -0.017861694349688068,
            -7.6180861838505685,
            -0.3460623878215973,
            -0.6189406362850479,
            -1.5800747684187515,
            0.6688521558103563,
            0.2583112074668641,
